Lac	Profondeur (m)	Date	Time	Site	Unit ID	User ID	°C-19J103501	mmHg-16B102000	DO %-18J100611	DO %L-18J100611	DO mg/L-18J100611	SPC-uS/cm-19J103501	C-uS/cm-19J103501	nLFC-uS/cm-19J103501	TDS mg/L-19J103501	SAL-PSU-19J103501	pH-18F103729	pH mV-18F103729	FNU-18F102856	TSS mg/L-18F102856	BGA-PC RFU-18J104246	BGA-PCug/L-18J104246	Chl RFU-18J104246	Chl ug/L-18J104246	Wiper V-18E102628	Cable V-18J103295	Batt V-18J103295	DEP psia-12L100185	Cable V-12L101107	Batt V-12L101107
1	0.50	05/02/2023	12:22:53	Default Site	Sonde 18J103295		16.071	760.9	126	125.3	12.41	211.5	175.4	214.5	137	0.1	7.77	-101.8	2.74	0	-0.33	-0.33	1.57	4.78	1.201	0	4.98			
1	1.50	05/02/2023	12:28:55	Default Site	Sonde 18J103295		14.1	760.8	129.5	128.8	13.31	209.8	166.1	213.1	136	0.1	8.09	-119.1	3.31	0	0.22	0.22	3.91	10.6	1.201	0	4.96			
1	2.50	05/02/2023	12:36:16	Default Site	Sonde 18J103295		12.676	760.9	21.7	21.6	2.31	217.9	166.6	221.6	142	0.1	6.44	-28.7	10.27	0	2.6	2.6	9.04	23.35	1.201	0	4.94			
2	0.50	05/02/2023	12:43:42	Default Site	Sonde 18J103295		16.323	760.9	123.1	122.5	12.07	211.4	176.4	214.3	137	0.1	7.88	-108.3	3.25	0	-0.22	-0.22	1.83	5.43	1.201	0	4.92			
2	1.50	05/02/2023	12:49:20	Default Site	Sonde 18J103295		14.054	760.9	118.6	117.9	12.2	211.2	167.1	214.6	137	0.1	7.94	-111.3	3.32	0	0.26	0.26	4.37	11.75	1.201	0	4.93			
2	2.50	05/02/2023	12:57:01	Default Site	Sonde 18J103295		12.388	760.9	9.1	9	0.97	222.2	168.7	226	144	0.11	6.44	-29.2	9.72	0	5.81	5.81	9.41	24.26	1.201	0	4.92			
3	0.50	05/02/2023	01:09:56	Default Site	Sonde 18J103295		16.822	760.9	118.7	118.1	11.51	208.4	175.9	211.2	135	0.1	8.19	-125.5	2.61	0	-0.36	-0.36	1.05	3.49	1.201	0	4.91			
3	1.50	05/02/2023	01:15:00	Default Site	Sonde 18J103295		14.319	761	108.3	107.8	11.08	208.1	165.7	211.4	135	0.1	8.13	-121.7	3.16	0	-0.01	-0.01	1.69	5.09	1.201	0	4.91			
3	2.50	05/02/2023	01:20:58	Default Site	Sonde 18J103295		12.75	760.8	18.1	18	1.92	212.4	162.7	216	138	0.1	6.89	-53.6	10.66	0	3.34	3.34	9.26	23.89	1.201	0	4.92			
4	0.50	05/02/2023	01:26:44	Default Site	Sonde 18J103295		16.392	760.9	124.4	123.7	12.17	201.9	168.7	204.7	131	0.1	8.41	-137.6	1.21	0	-0.63	-0.63	0.12	1.18	1.201	0	4.91			
4	1.50	05/02/2023	01:30:53	Default Site	Sonde 18J103295		14.973	760.8	121.9	121.2	12.29	202.4	163.6	205.5	132	0.1	8.52	-143.3	1.19	0	-0.63	-0.63	0.18	1.33	1.201	0	4.91			
4	2.50	05/02/2023	01:37:24	Default Site	Sonde 18J103295		14.135	760.8	104.5	103.9	10.73	205.7	163	208.9	134	0.1	8.05	-117	2.28	0	-0.46	-0.46	0.31	1.66	1.201	0	4.91			
5	0.50	05/02/2023	01:45:35	Default Site	Sonde 18J103295		16.355	760.8	140	139.2	13.71	200.3	167.2	203	130	0.1	9.2	-181	3.89	0	-0.04	-0.04	3.34	9.18	1.201	0	4.91			
5	1.50	05/02/2023	01:50:20	Default Site	Sonde 18J103295		13.854	760.9	113.3	112.7	11.71	202.2	159.2	205.5	131	0.1	8.87	-162.3	4.97	0	0.84	0.84	10.34	26.57	1.201	0	4.9			
5	2.50	05/02/2023	01:59:09	Default Site	Sonde 18J103295		12.36	760.9	4.4	4.4	0.47	211	160.1	214.6	137	0.1	6.86	-51.7	7.44	0	3.42	3.42	23.16	58.45	1.201	0	4.91			
6	0.50	05/02/2023	02:05:32	Default Site	Sonde 18J103295		16.441	760.9	125	124.3	12.22	202.5	169.4	205.3	132	0.1	7.94	-111.7	1.11	0	1.09	1.09	10.64	27.33	1.201	0	4.91			
6	1.50	05/02/2023	02:12:12	Default Site	Sonde 18J103295		14.651	761	106.1	105.5	10.77	203.2	163.1	206.4	132	0.1	7.64	-94.6	2.09	0	0.43	0.43	9.51	24.52	1.201	0	4.91			
6	2.50	05/02/2023	02:16:53	Default Site	Sonde 18J103295		13.283	760.8	15.4	15.4	1.62	206.6	160.3	210	134	0.1	6.92	-54.9	4.53	0	-0.14	-0.14	4.88	13	1.201	0	4.91			
7	0.50	05/02/2023	02:23:40	Default Site	Sonde 18J103295		16.552	760.8	131.2	130.4	12.79	195.4	163.9	198.1	127	0.09	8.78	-157.9	2.57	0	-0.31	-0.31	1.51	4.64	1.201	0	4.93			
7	1.50	05/02/2023	02:28:07	Default Site	Sonde 18J103295		14.283	760.8	120.2	119.5	12.3	196.3	156.1	199.4	128	0.09	8.83	-160	2.83	0	0.07	0.07	4.02	10.86	1.201	0	4.93			
7	2.50	05/02/2023	02:33:11	Default Site	Sonde 18J103295		12.882	760.7	21.5	21.3	2.27	206.4	158.6	209.9	134	0.1	7.2	-70.3	12.33	0	2.31	2.31	5.24	13.9	1.201	0	4.94			
8	0.50	05/02/2023	02:44:57	Default Site	Sonde 18J103295		16.49	760.7	115.9	115.3	11.32	207.3	173.6	210.2	135	0.1	8.02	-115.9	1.39	0	-0.38	-0.38	1.16	3.76	1.2	0	4.93			
8	1.50	05/02/2023	02:52:03	Default Site	Sonde 18J103295		14.912	760.5	105	104.5	10.61	208.2	168.1	211.4	135	0.1	7.83	-105.4	1.87	0	-0.21	-0.21	1.43	4.44	1.2	0	4.93			
8	2.50	05/02/2023	02:58:52	Default Site	Sonde 18J103295		13.517	760.5	23.4	23.3	2.44	214.2	167.2	217.7	139	0.1	7	-59.3	8.32	0	-0.02	-0.02	2.64	7.44	1.2	0	4.93			
9	0.50	05/03/2023	08:35:40	Default Site	Sonde 18J103295		20.934	759.8	69	68.6	6.08	4292	3958.7	4323.7	2790	2.29	3.96	111.1	0.66	0	-0.85	-0.85	-0.15	0.52	1.2	0	5.03			
9	1.50	05/03/2023	08:56:01	Default Site	Sonde 18J103295		15.184	759.5	127.9	127.2	12.84	196.8	159.9	199.7	128	0.09	8.09	-119.5	3.85	0	1.38	1.38	19.54	49.46	1.2	0	4.97			
9	2.50	05/03/2023	09:03:28	Default Site	Sonde 18J103295		13.8	759.5	22.6	22.4	2.33	202.2	158.9	205.4	131	0.1	6.46	-30.1	4.72	0	-0.19	-0.19	3.46	9.49	1.2	0	4.95			
10	0.50	05/03/2023	09:08:26	Default Site	Sonde 18J103295		15.788	759.4	132.1	131.4	13.09	196.5	161.9	199.3	128	0.09	8.66	-151.2	1.35	0	-0.55	-0.55	0.23	1.46	1.2	0	4.93			
10	1.50	05/03/2023	09:10:58	Default Site	Sonde 18J103295		15.25	759.4	138.7	138	13.9	196.5	159.9	199.4	128	0.09	8.73	-154.7	1.6	0	-0.13	-0.13	3.61	9.85	1.2	0	4.93			
10	2.50	05/03/2023	09:18:24	Default Site	Sonde 18J103295		14.035	759.4	73.4	73	7.56	204.3	161.5	207.6	133	0.1	7.1	-65.2	8.23	0	0.18	0.18	4.57	12.24	1.2	0	4.93			
11	0.50	05/03/2023	09:23:53	Default Site	Sonde 18J103295		16.019	759.5	126.2	125.5	12.44	200.6	166.2	203.4	130	0.1	8.53	-144.1	2.91	0	-0.18	-0.18	0.86	3.01	1.2	0	4.92			
11	1.50	05/03/2023	09:28:20	Default Site	Sonde 18J103295		14.422	759.2	106.5	105.9	10.86	203.3	162.2	206.5	132	0.1	8.13	-121.4	4.41	0	0.37	0.37	1.77	5.27	1.2	0	4.92			
11	2.50	05/03/2023	09:35:41	Default Site	Sonde 18J103295		13.057	759.3	9.5	9.4	1	208	160.5	211.4	135	0.1	6.61	-38	8.71	0	1.83	1.83	3.72	10.13	1.2	0	4.91			
12	0.50	05/03/2023	09:40:22	Default Site	Sonde 18J103295		16.169	759.2	124.8	124.1	12.26	181.3	150.8	183.9	118	0.09	8.9	-164.8	3.32	0	-0.42	-0.42	0.61	2.4	1.2	0	4.91			
12	1.50	05/03/2023	09:44:49	Default Site	Sonde 18J103295		14.547	759.3	110.3	109.7	11.23	184	147.3	186.9	120	0.09	8.74	-155	4.4	0	-0.12	-0.12	1.87	5.53	1.2	0	4.91			
12	2.50	05/03/2023	09:56:45	Default Site	Sonde 18J103295		12.972	759	6	6	0.64	200	154	203.3	130	0.1	6.78	-47.7	9.73	0	1.09	1.09	7.75	20.16	1.2	0	4.91			
13	0.50	05/03/2023	10:08:35	Default Site	Sonde 18J103295		15.925	759	109.1	108.6	10.78	195.8	161.9	198.6	127	0.09	7.72	-99.2	2.19	0	-0.46	-0.46	0.53	2.2	1.2	0	4.91			
13	1.50	05/03/2023	10:11:11	Default Site	Sonde 18J103295		14.839	759	111.5	110.9	11.28	194.6	156.9	197.6	127	0.09	7.87	-107.7	2.68	0	-0.36	-0.36	0.83	2.95	1.2	0	4.91			
13	2.50	05/03/2023	10:19:12	Default Site	Sonde 18J103295		13.239	759.1	84.4	84	8.84	195.9	151.9	199.2	127	0.09	7.15	-67.6	6.05	0	0.8	0.8	3.47	9.51	1.2	0	4.91			
14	0.50	05/03/2023	10:59:44	Default Site	Sonde 18J103295		16.449	758.1	120.1	119.4	11.73	202.3	169.3	205.1	132	0.1	8.61	-148.4	3.07	0	-0.49	-0.49	0.88	3.08	1.2	0	4.94			
14	1.50	05/03/2023	11:03:52	Default Site	Sonde 18J103295		14.202	757.2	110	109.4	11.28	202.8	161	206	132	0.1	8.44	-138.4	3.99	0	0	0	3.1	8.57	1.2	0	4.93			
14	2.50	05/03/2023	11:12:28	Default Site	Sonde 18J103295		12.544	758.2	6.3	6.3	0.67	211.3	161	214.9	137	0.1	6.87	-52.3	12.97	0	5.12	5.12	12.49	31.93	1.2	0	4.92			
15	0.50	05/03/2023	11:17:32	Default Site	Sonde 18J103295		16.428	758.6	128.7	128	12.58	197.8	165.4	200.5	129	0.09	8.49	-142.1	1.19	0	-0.45	-0.45	0.44	1.96	1.2	0	4.91			
15	1.50	05/03/2023	11:23:18	Default Site	Sonde 18J103295		15.34	759.1	115.3	114.7	11.54	199.3	162.5	202.3	130	0.09	8.26	-129	1.52	0	-0.27	-0.27	1.17	3.78	1.2	0	4.91			
15	2.50	05/03/2023	11:27:43	Default Site	Sonde 18J103295		14.246	758.8	62.5	62.2	6.4	204.2	162.3	207.4	133	0.1	7.23	-71.9	4.21	0	-0.1	-0.1	2.16	6.24	1.2	0	4.91			
16	0.50	05/03/2023	11:33:11	Default Site	Sonde 18J103295		16.515	759.5	137.9	137.2	13.46	196.8	164.9	199.5	128	0.09	8.81	-159.9	2.38	0	-0.15	-0.15	3.09	8.56	1.2	0	4.9			
16	1.50	05/03/2023	11:38:01	Default Site	Sonde 18J103295		14.525	757.6	130.3	129.6	13.26	197.9	158.3	201	129	0.09	8.8	-158.6	3.41	0	0.72	0.72	9.33	24.08	1.2	0	4.9			
16	2.50	05/03/2023	11:45:58	Default Site	Sonde 18J103295		12.847	758.8	16.6	16.5	1.76	205.3	157.6	208.7	133	0.1	6.84	-51	14.3	0	7.17	7.17	44.88	112.43	1.2	0	4.9			